accuracy,loss,val_accuracy,val_loss,learning_rate
0.49245062470436096,1.2359747886657715,0.3031359016895294,1.4666802883148193,0.0010000000474974513
0.5996902585029602,0.9435024857521057,0.30662021040916443,1.6875464916229248,0.0010000000474974513
0.6488578915596008,0.8394169807434082,0.3693379759788513,1.8469116687774658,0.0010000000474974513
0.6736353039741516,0.7740834355354309,0.4320557415485382,1.504580020904541,0.0010000000474974513
0.6918312311172485,0.7341713309288025,0.39721253514289856,1.6449941396713257,0.0010000000474974513
0.714672863483429,0.6781164407730103,0.6341463327407837,0.8867126107215881,0.0010000000474974513
0.7479674816131592,0.6398801207542419,0.6724738478660583,0.6753928661346436,0.0010000000474974513
0.7398374080657959,0.6124422550201416,0.4912891983985901,1.4090964794158936,0.0010000000474974513
0.7572590112686157,0.599763810634613,0.7421602606773376,0.5729385614395142,0.0010000000474974513
0.7684862613677979,0.5477396249771118,0.7177700400352478,0.7710819840431213,0.0010000000474974513
0.7816492319107056,0.5230521559715271,0.707317054271698,0.6989445090293884,0.0010000000474974513
0.8072009086608887,0.46440812945365906,0.7212543487548828,0.7699970006942749,0.0003000000142492354
0.8443670272827148,0.4085595905780792,0.815330982208252,0.4468843638896942,0.0003000000142492354
0.8455284833908081,0.40087565779685974,0.6202090382575989,1.0867547988891602,0.0003000000142492354
0.8474642038345337,0.3901878893375397,0.7595818638801575,0.5502083897590637,0.0003000000142492354
0.8621757626533508,0.36535438895225525,0.8188153505325317,0.5019906163215637,9.000000136438757e-05
0.869918704032898,0.3459237813949585,0.7979093790054321,0.5760059952735901,9.000000136438757e-05
0.8683701157569885,0.3415478467941284,0.8362369537353516,0.39658889174461365,9.000000136438757e-05
0.8664343953132629,0.34482306241989136,0.8466898798942566,0.39594390988349915,9.000000136438757e-05
0.8664343953132629,0.3320499062538147,0.8571428656578064,0.3825208842754364,9.000000136438757e-05
